Age,BusinessTravel,DailyRate,Department,DistanceFromHome,Education,EducationField,EmployeeCount,EmployeeNumber,EnvironmentSatisfaction,Gender,HourlyRate,JobInvolvement,JobLevel,JobRole,JobSatisfaction,MaritalStatus,MonthlyIncome,MonthlyRate,NumCompaniesWorked,Over18,OverTime,PercentSalaryHike,PerformanceRating,RelationshipSatisfaction,StandardHours,StockOptionLevel,TotalWorkingYears,TrainingTimesLastYear,WorkLifeBalance,YearsAtCompany,YearsInCurrentRole,YearsSinceLastPromotion,YearsWithCurrManager,ActualAttrition,PredictedAttrition
44,Travel_Rarely,1488,Sales,1,5,Marketing,1,68,2,Female,75,3,2,Sales Executive,1,Divorced,5454,4009,5,Y,Yes,21,4,3,80,1,9,2,2,4,3,1,3,No,No
28,Travel_Rarely,736,Sales,26,3,Life Sciences,1,1387,3,Male,48,2,2,Sales Executive,1,Married,4724,24232,1,Y,No,11,3,3,80,1,5,0,3,5,3,0,4,No,No
32,Travel_Rarely,234,Sales,1,4,Medical,1,2013,2,Male,68,2,1,Sales Representative,2,Married,2269,18024,0,Y,No,14,3,2,80,1,3,2,3,2,2,2,2,No,No
34,Non-Travel,1381,Sales,4,4,Marketing,1,523,3,Female,72,3,2,Sales Executive,3,Married,6538,12740,9,Y,No,15,3,1,80,1,6,3,3,3,2,1,2,No,No
31,Travel_Rarely,182,Research & Development,8,5,Life Sciences,1,1430,1,Female,93,3,4,Research Director,2,Single,16422,8847,3,Y,No,11,3,3,80,0,9,3,4,3,2,1,0,No,No
42,Travel_Rarely,319,Research & Development,24,3,Medical,1,605,4,Male,56,3,3,Manufacturing Director,1,Married,7406,6950,1,Y,Yes,21,4,4,80,1,10,5,2,10,9,5,8,No,No
51,Travel_Rarely,1318,Sales,26,4,Marketing,1,851,1,Female,66,3,4,Manager,3,Married,16307,5594,2,Y,No,14,3,3,80,1,29,2,2,20,6,4,17,No,No
27,Travel_Rarely,511,Sales,2,2,Medical,1,1898,1,Female,89,4,2,Sales Executive,3,Single,6500,26997,0,Y,No,14,3,2,80,0,9,5,2,8,7,0,7,No,No
33,Travel_Rarely,1099,Research & Development,4,4,Medical,1,1502,1,Female,82,2,1,Laboratory Technician,2,Married,3838,8192,8,Y,No,11,3,4,80,0,8,5,3,5,4,0,2,No,No
30,Travel_Rarely,740,Sales,1,3,Life Sciences,1,1562,2,Male,64,2,2,Sales Executive,1,Married,9714,5323,1,Y,No,11,3,4,80,1,10,4,3,10,8,6,7,Yes,No
36,Travel_Rarely,1425,Research & Development,14,1,Life Sciences,1,924,3,Male,68,3,2,Healthcare Representative,4,Married,6586,4821,0,Y,Yes,17,3,1,80,1,17,2,2,16,8,4,11,No,No
35,Travel_Rarely,619,Sales,1,3,Marketing,1,600,2,Male,85,3,2,Sales Executive,3,Married,4717,18659,9,Y,No,11,3,3,80,0,15,2,3,11,9,6,9,No,No
34,Travel_Rarely,970,Research & Development,8,2,Medical,1,757,2,Female,96,3,2,Healthcare Representative,3,Single,6142,7360,3,Y,No,11,3,4,80,0,10,2,3,5,1,4,3,No,No
34,Travel_Frequently,735,Research & Development,22,4,Other,1,1932,3,Male,86,2,2,Research Scientist,4,Married,5747,26496,1,Y,Yes,15,3,2,80,0,16,3,3,15,10,6,11,No,No
42,Travel_Frequently,481,Sales,12,3,Life Sciences,1,1167,3,Male,44,3,4,Sales Executive,1,Single,13758,2447,0,Y,Yes,12,3,2,80,0,22,2,2,21,9,13,14,Yes,No
37,Travel_Rarely,571,Research & Development,10,1,Life Sciences,1,802,4,Female,82,3,1,Research Scientist,1,Divorced,2782,19905,0,Y,Yes,13,3,2,80,2,6,3,2,5,3,4,3,No,No
44,Travel_Rarely,986,Research & Development,8,4,Life Sciences,1,874,1,Male,62,4,1,Laboratory Technician,4,Married,2818,5044,2,Y,Yes,24,4,3,80,1,10,2,2,3,2,0,2,No,No
31,Travel_Frequently,715,Sales,2,4,Other,1,1613,4,Male,54,3,2,Sales Executive,1,Single,5332,21602,7,Y,No,13,3,4,80,0,10,3,3,5,2,0,3,No,No
36,Travel_Rarely,311,Research & Development,7,3,Life Sciences,1,1659,1,Male,77,3,1,Laboratory Technician,2,Single,2013,10950,2,Y,No,11,3,3,80,0,15,4,3,4,3,1,3,No,Yes
34,Non-Travel,1065,Sales,23,4,Marketing,1,60,2,Male,72,3,2,Sales Executive,3,Single,4568,10034,0,Y,No,20,4,3,80,0,10,2,3,9,5,8,7,No,No
32,Travel_Rarely,859,Research & Development,4,3,Life Sciences,1,830,3,Female,98,2,2,Manufacturing Director,3,Married,6162,19124,1,Y,No,12,3,3,80,1,14,3,3,14,13,6,8,No,No
39,Travel_Rarely,116,Research & Development,24,1,Life Sciences,1,2014,1,Male,52,3,2,Research Scientist,4,Single,4108,5340,7,Y,No,13,3,1,80,0,18,2,3,7,7,1,7,No,No
49,Travel_Rarely,1184,Sales,11,3,Marketing,1,840,3,Female,43,3,3,Sales Executive,4,Married,7654,5860,1,Y,No,18,3,1,80,2,9,3,4,9,8,7,7,Yes,No
37,Travel_Rarely,1225,Research & Development,10,2,Life Sciences,1,715,4,Male,80,4,1,Research Scientist,4,Single,4680,15232,3,Y,No,17,3,1,80,0,4,2,3,1,0,0,0,No,No
22,Travel_Rarely,217,Research & Development,8,1,Life Sciences,1,1019,2,Male,94,1,1,Laboratory Technician,1,Married,2451,6881,1,Y,No,15,3,1,80,1,4,3,2,4,3,1,1,No,No
47,Travel_Rarely,207,Research & Development,9,4,Life Sciences,1,1856,2,Female,64,3,1,Laboratory Technician,3,Single,2105,5411,4,Y,No,12,3,3,80,0,7,2,3,2,2,2,0,No,No
34,Non-Travel,1362,Sales,19,3,Marketing,1,502,1,Male,67,4,2,Sales Executive,4,Single,5304,4652,8,Y,Yes,13,3,2,80,0,9,3,2,5,2,0,4,Yes,No
27,Travel_Rarely,199,Research & Development,6,3,Life Sciences,1,1162,4,Male,55,2,1,Research Scientist,3,Married,2539,7950,1,Y,No,13,3,3,80,1,4,0,3,4,2,2,2,No,No
30,Travel_Rarely,852,Research & Development,1,1,Life Sciences,1,104,4,Male,55,2,2,Laboratory Technician,4,Married,5126,15998,1,Y,Yes,12,3,3,80,2,10,1,2,10,8,3,0,No,No
33,Non-Travel,775,Research & Development,4,3,Technical Degree,1,1771,4,Male,90,3,2,Research Scientist,2,Divorced,3055,6194,5,Y,No,15,3,4,80,2,11,2,2,9,8,1,7,No,No
27,Travel_Rarely,618,Research & Development,4,3,Life Sciences,1,933,2,Female,76,3,1,Research Scientist,3,Single,2318,17808,1,Y,No,19,3,3,80,0,1,2,3,1,1,0,0,No,Yes
52,Travel_Frequently,322,Research & Development,28,2,Medical,1,1401,4,Female,59,4,4,Manufacturing Director,3,Married,13247,9731,2,Y,Yes,11,3,2,80,1,24,3,2,5,3,0,2,No,No
39,Travel_Rarely,360,Research & Development,23,3,Medical,1,1310,3,Male,93,3,1,Research Scientist,1,Single,3904,22154,0,Y,No,13,3,1,80,0,6,2,3,5,2,0,3,Yes,No
31,Travel_Rarely,1222,Research & Development,11,4,Life Sciences,1,895,4,Male,48,3,1,Research Scientist,4,Married,2356,14871,3,Y,Yes,19,3,2,80,1,8,2,3,6,4,0,2,No,No
45,Travel_Rarely,788,Human Resources,24,4,Medical,1,1049,2,Male,36,3,1,Human Resources,2,Single,2177,8318,1,Y,No,16,3,1,80,0,6,3,3,6,3,0,4,No,No
18,Non-Travel,247,Research & Development,8,1,Medical,1,1156,3,Male,80,3,1,Laboratory Technician,3,Single,1904,13556,1,Y,No,12,3,4,80,0,0,0,3,0,0,0,0,Yes,Yes
29,Travel_Rarely,408,Sales,23,1,Life Sciences,1,1165,4,Female,45,2,3,Sales Executive,1,Married,7336,11162,1,Y,No,13,3,1,80,1,11,3,1,11,8,3,10,Yes,No
24,Travel_Rarely,581,Research & Development,9,3,Medical,1,1707,3,Male,62,4,1,Research Scientist,3,Married,4401,17616,1,Y,No,16,3,4,80,1,5,1,3,5,3,0,4,No,No
45,Travel_Rarely,930,Sales,9,3,Marketing,1,864,4,Male,74,3,3,Sales Executive,1,Divorced,10761,19239,4,Y,Yes,12,3,3,80,1,18,2,3,5,4,0,2,No,No
31,Travel_Rarely,249,Sales,6,4,Life Sciences,1,163,2,Male,76,1,2,Sales Executive,3,Married,6172,20739,4,Y,Yes,18,3,2,80,0,12,3,2,7,7,7,7,Yes,No
26,Travel_Rarely,1443,Sales,23,3,Marketing,1,72,3,Female,47,2,2,Sales Executive,4,Married,4157,21436,7,Y,Yes,19,3,3,80,1,5,2,2,2,2,0,0,No,No
34,Travel_Rarely,401,Research & Development,1,3,Life Sciences,1,1447,4,Female,86,2,1,Laboratory Technician,2,Married,3294,3708,5,Y,No,17,3,1,80,1,7,2,2,5,4,0,2,No,No
26,Travel_Frequently,575,Research & Development,1,2,Life Sciences,1,792,1,Female,71,1,1,Laboratory Technician,4,Divorced,4364,5288,3,Y,No,14,3,1,80,1,5,2,3,2,2,2,0,No,No
24,Travel_Rarely,240,Human Resources,22,1,Human Resources,1,1714,4,Male,58,1,1,Human Resources,3,Married,1555,11585,1,Y,No,11,3,3,80,1,1,2,3,1,0,0,0,Yes,Yes
42,Travel_Frequently,555,Sales,26,3,Marketing,1,404,3,Female,77,3,4,Sales Executive,2,Married,13525,14864,5,Y,No,14,3,4,80,1,23,2,4,20,4,4,8,No,No
47,Travel_Rarely,983,Research & Development,2,2,Medical,1,574,1,Female,65,3,2,Manufacturing Director,4,Divorced,5070,7389,5,Y,No,13,3,3,80,3,20,2,3,5,0,0,4,No,No
24,Travel_Rarely,813,Research & Development,1,3,Medical,1,45,2,Male,61,3,1,Research Scientist,4,Married,2293,3020,2,Y,Yes,16,3,1,80,1,6,2,2,2,0,2,0,Yes,No
40,Travel_Rarely,118,Sales,14,2,Life Sciences,1,1598,4,Female,84,3,2,Sales Executive,1,Married,4639,11262,1,Y,No,15,3,3,80,1,5,2,3,5,4,1,2,No,No
49,Travel_Rarely,1495,Research & Development,5,4,Technical Degree,1,1473,1,Male,96,3,2,Healthcare Representative,3,Married,6651,21534,2,Y,No,14,3,2,80,1,20,0,2,3,2,1,2,No,No
29,Travel_Rarely,352,Human Resources,6,1,Medical,1,1865,4,Male,87,2,1,Human Resources,2,Married,2804,15434,1,Y,No,11,3,4,80,0,1,3,3,1,0,0,0,No,Yes
39,Travel_Rarely,119,Sales,15,4,Marketing,1,1975,2,Male,77,3,4,Sales Executive,1,Single,13341,25098,0,Y,No,12,3,1,80,0,21,3,3,20,8,11,10,No,No
30,Travel_Rarely,946,Research & Development,2,3,Medical,1,833,3,Female,52,2,2,Manufacturing Director,4,Single,6877,20234,5,Y,Yes,24,4,2,80,0,12,4,2,0,0,0,0,No,No
45,Travel_Rarely,1457,Research & Development,7,3,Medical,1,1195,1,Female,83,3,1,Research Scientist,3,Married,4477,20100,4,Y,Yes,19,3,3,80,1,7,2,2,3,2,0,2,No,No
28,Travel_Rarely,1179,Research & Development,19,4,Medical,1,1216,4,Male,78,2,1,Laboratory Technician,1,Married,3196,12449,1,Y,No,12,3,3,80,3,6,2,3,6,5,3,3,No,No
35,Travel_Rarely,755,Research & Development,9,4,Life Sciences,1,496,3,Male,97,2,2,Healthcare Representative,2,Single,6540,19394,9,Y,No,19,3,3,80,0,10,5,3,1,1,0,0,No,No
29,Travel_Rarely,598,Research & Development,9,3,Life Sciences,1,1558,3,Male,91,4,1,Research Scientist,3,Married,2451,22376,6,Y,No,18,3,1,80,2,5,2,2,1,0,0,0,No,Yes
29,Travel_Rarely,1328,Research & Development,2,3,Life Sciences,1,94,3,Male,76,3,1,Research Scientist,2,Married,2703,4956,0,Y,No,23,4,4,80,1,6,3,3,5,4,0,4,No,No
33,Travel_Frequently,827,Research & Development,1,4,Other,1,998,3,Female,84,4,2,Healthcare Representative,2,Married,5488,20161,1,Y,Yes,13,3,1,80,1,6,2,3,6,5,1,2,No,No
37,Travel_Frequently,504,Research & Development,10,3,Medical,1,342,1,Male,61,3,3,Manufacturing Director,3,Divorced,10048,22573,6,Y,No,11,3,2,80,2,17,5,3,1,0,0,0,Yes,No
24,Travel_Frequently,535,Sales,24,3,Medical,1,632,4,Male,38,3,1,Sales Representative,4,Married,2400,5530,0,Y,No,13,3,3,80,2,3,3,3,2,2,2,1,No,No
33,Travel_Rarely,501,Research & Development,15,2,Medical,1,2009,2,Female,95,3,2,Healthcare Representative,4,Married,4878,21653,0,Y,Yes,13,3,1,80,1,10,6,3,9,7,8,1,No,No
27,Non-Travel,1277,Research & Development,8,5,Life Sciences,1,1094,1,Male,87,1,1,Laboratory Technician,3,Married,4621,5869,1,Y,No,19,3,4,80,3,3,4,3,3,2,1,2,No,No
55,Travel_Rarely,147,Research & Development,20,2,Technical Degree,1,389,2,Male,37,3,2,Laboratory Technician,4,Married,5415,15972,3,Y,Yes,19,3,4,80,1,12,4,3,10,7,0,8,No,No
45,Travel_Frequently,1249,Research & Development,7,3,Life Sciences,1,425,1,Male,97,3,3,Laboratory Technician,1,Divorced,5210,20308,1,Y,No,18,3,1,80,1,24,2,3,24,9,9,11,No,No
35,Travel_Rarely,1361,Sales,17,4,Life Sciences,1,1218,3,Male,94,3,2,Sales Executive,1,Married,8966,21026,3,Y,Yes,15,3,4,80,3,15,2,3,7,7,1,7,No,No
55,Travel_Rarely,111,Sales,1,2,Life Sciences,1,106,1,Male,70,3,3,Sales Executive,4,Married,10239,18092,3,Y,No,14,3,4,80,1,24,4,3,1,0,1,0,No,No
37,Travel_Rarely,977,Research & Development,1,3,Life Sciences,1,1196,4,Female,56,2,2,Manufacturing Director,4,Married,6474,9961,1,Y,No,13,3,2,80,1,14,2,2,14,8,3,11,No,No
34,Travel_Frequently,1069,Research & Development,2,1,Life Sciences,1,256,4,Male,45,2,2,Manufacturing Director,3,Married,9547,14074,1,Y,No,17,3,3,80,0,10,2,2,10,9,1,9,No,No
39,Travel_Frequently,443,Research & Development,8,1,Life Sciences,1,602,3,Female,48,3,1,Laboratory Technician,3,Married,3755,17872,1,Y,No,11,3,1,80,1,8,3,3,8,3,0,7,No,No
24,Travel_Rarely,1371,Sales,10,4,Marketing,1,507,4,Female,77,3,2,Sales Executive,3,Divorced,4260,5915,1,Y,Yes,12,3,4,80,1,5,2,4,5,2,0,3,No,No
45,Travel_Rarely,1339,Research & Development,7,3,Life Sciences,1,86,2,Male,59,3,3,Research Scientist,1,Divorced,9724,18787,2,Y,No,17,3,3,80,1,25,2,3,1,0,0,0,No,No
39,Travel_Rarely,722,Sales,24,1,Marketing,1,2056,2,Female,60,2,4,Sales Executive,4,Married,12031,8828,0,Y,No,11,3,1,80,1,21,2,2,20,9,9,6,No,No
36,Travel_Rarely,530,Sales,2,4,Life Sciences,1,1710,3,Female,51,3,2,Sales Representative,4,Single,4502,7439,3,Y,No,15,3,3,80,0,17,2,2,13,7,6,7,No,No
33,Non-Travel,530,Sales,16,3,Life Sciences,1,1681,3,Female,36,3,2,Sales Executive,4,Divorced,5368,16130,1,Y,Yes,25,4,3,80,1,7,2,3,6,5,1,2,No,No
46,Travel_Rarely,1277,Sales,2,3,Life Sciences,1,1732,3,Male,74,3,3,Sales Executive,4,Divorced,10368,5596,4,Y,Yes,12,3,2,80,1,13,5,2,10,6,0,3,No,Yes
37,Travel_Rarely,408,Research & Development,19,2,Life Sciences,1,61,2,Male,73,3,1,Research Scientist,2,Married,3022,10227,4,Y,No,21,4,1,80,0,8,1,3,1,0,0,0,No,No
53,Non-Travel,661,Research & Development,1,4,Medical,1,1775,1,Female,60,2,4,Manufacturing Director,3,Married,12965,22308,4,Y,Yes,20,4,4,80,3,27,2,2,3,2,0,2,No,No
24,Travel_Rarely,1448,Sales,1,1,Technical Degree,1,554,1,Female,62,3,1,Sales Representative,2,Single,3202,21972,1,Y,Yes,16,3,2,80,0,6,4,3,5,3,1,4,Yes,No
50,Non-Travel,145,Sales,1,3,Life Sciences,1,1040,4,Female,95,3,2,Sales Executive,3,Married,6347,24920,0,Y,No,12,3,1,80,1,19,3,3,18,7,0,13,No,No
37,Travel_Rarely,124,Research & Development,3,3,Other,1,1062,4,Female,35,3,2,Healthcare Representative,2,Single,4107,13848,3,Y,No,15,3,1,80,0,8,3,2,4,3,0,1,No,No
20,Travel_Frequently,769,Sales,9,3,Marketing,1,1077,4,Female,54,3,1,Sales Representative,4,Single,2323,17205,1,Y,Yes,14,3,2,80,0,2,3,3,2,2,0,2,Yes,Yes
26,Travel_Rarely,991,Research & Development,6,3,Life Sciences,1,686,3,Female,71,3,1,Laboratory Technician,4,Married,2659,17759,1,Y,Yes,13,3,3,80,1,3,2,3,3,2,0,2,No,No
40,Travel_Rarely,300,Sales,26,3,Marketing,1,1066,3,Male,74,3,2,Sales Executive,1,Married,8396,22217,1,Y,No,14,3,2,80,1,8,3,2,7,7,7,5,No,No
52,Travel_Rarely,1490,Research & Development,4,2,Life Sciences,1,546,4,Female,30,3,4,Manager,4,Married,16555,10310,2,Y,No,13,3,4,80,0,31,2,1,5,2,1,4,No,No
23,Travel_Rarely,1320,Research & Development,8,1,Medical,1,1684,4,Male,93,2,1,Laboratory Technician,3,Single,3989,20586,1,Y,Yes,11,3,1,80,0,5,2,3,5,4,1,2,Yes,No
38,Travel_Rarely,1380,Research & Development,9,2,Life Sciences,1,245,3,Female,75,3,1,Laboratory Technician,4,Single,2288,6319,1,Y,No,12,3,3,80,0,2,3,3,2,2,2,1,No,No
36,Travel_Rarely,1278,Human Resources,8,3,Life Sciences,1,878,1,Male,77,2,1,Human Resources,1,Married,2342,8635,0,Y,No,21,4,3,80,0,6,3,3,5,4,0,3,No,No
25,Travel_Rarely,240,Sales,5,3,Marketing,1,142,3,Male,46,2,2,Sales Executive,3,Single,5744,26959,1,Y,Yes,11,3,4,80,0,6,1,3,6,4,0,3,Yes,No
34,Travel_Rarely,943,Research & Development,9,3,Life Sciences,1,1344,4,Male,86,3,3,Healthcare Representative,4,Divorced,8500,5494,0,Y,No,11,3,4,80,1,10,0,2,9,7,1,6,No,No
28,Travel_Frequently,289,Research & Development,2,2,Medical,1,1504,3,Male,38,2,1,Laboratory Technician,1,Single,2561,5355,7,Y,No,11,3,3,80,0,8,2,2,0,0,0,0,Yes,No
33,Travel_Rarely,1069,Research & Development,1,3,Life Sciences,1,969,2,Female,42,2,2,Healthcare Representative,4,Single,6949,12291,0,Y,No,14,3,1,80,0,6,3,3,5,0,1,4,No,No
37,Travel_Rarely,1192,Research & Development,5,2,Medical,1,460,4,Male,61,3,2,Manufacturing Director,4,Divorced,6347,23177,7,Y,No,16,3,3,80,2,8,2,2,6,2,0,4,No,No
27,Travel_Frequently,1131,Research & Development,15,3,Life Sciences,1,1870,4,Female,77,2,1,Research Scientist,1,Married,4774,23844,0,Y,No,19,3,4,80,1,8,2,2,7,6,7,3,No,No
32,Travel_Rarely,1018,Research & Development,2,4,Medical,1,439,1,Female,74,4,2,Research Scientist,4,Single,5055,10557,7,Y,No,16,3,3,80,0,10,0,2,7,7,0,7,No,No
36,Travel_Rarely,363,Research & Development,1,3,Technical Degree,1,1237,3,Female,77,1,3,Manufacturing Director,1,Divorced,10252,4235,2,Y,Yes,21,4,3,80,1,17,2,3,7,7,7,7,No,No
50,Travel_Rarely,1046,Research & Development,10,3,Technical Degree,1,491,4,Male,100,2,3,Healthcare Representative,4,Single,10496,2755,6,Y,No,15,3,4,80,0,20,2,3,4,3,1,3,No,No
41,Travel_Rarely,549,Research & Development,7,2,Medical,1,1025,4,Female,42,3,2,Manufacturing Director,3,Single,5003,23371,6,Y,No,14,3,2,80,0,8,6,3,2,2,2,1,No,No
23,Travel_Rarely,571,Research & Development,12,2,Other,1,1982,4,Male,78,3,1,Laboratory Technician,4,Single,2647,13672,1,Y,No,13,3,3,80,0,5,6,4,5,2,1,4,No,No
39,Travel_Rarely,408,Research & Development,2,4,Technical Degree,1,721,4,Female,80,2,2,Healthcare Representative,3,Single,4553,20978,1,Y,No,11,3,1,80,0,20,4,3,20,7,11,10,No,No
30,Travel_Rarely,979,Sales,15,2,Marketing,1,1754,3,Male,94,2,3,Sales Executive,1,Divorced,7140,3088,2,Y,No,11,3,1,80,1,12,2,3,7,7,1,7,No,No
30,Non-Travel,829,Research & Development,1,1,Life Sciences,1,292,3,Male,88,2,3,Manufacturing Director,3,Single,8474,20925,1,Y,No,22,4,3,80,0,12,2,3,11,8,5,8,No,No
43,Travel_Rarely,1034,Sales,16,3,Marketing,1,327,4,Female,80,3,4,Manager,4,Married,16064,7744,5,Y,Yes,22,4,3,80,1,22,3,3,17,13,1,9,No,No
28,Travel_Rarely,995,Research & Development,9,3,Medical,1,930,3,Female,77,3,1,Research Scientist,3,Divorced,2377,9834,5,Y,No,18,3,2,80,1,6,2,3,2,2,2,2,No,No
29,Travel_Frequently,806,Research & Development,1,4,Life Sciences,1,710,2,Male,76,1,1,Research Scientist,4,Divorced,2720,18959,1,Y,No,18,3,4,80,1,10,5,3,10,7,2,8,No,No
56,Non-Travel,667,Research & Development,1,4,Life Sciences,1,2026,3,Male,57,3,2,Healthcare Representative,3,Divorced,6306,26236,1,Y,No,21,4,1,80,1,13,2,2,13,12,1,9,No,No
37,Travel_Rarely,558,Sales,2,3,Marketing,1,656,4,Male,75,3,2,Sales Executive,3,Married,9602,3010,4,Y,Yes,11,3,3,80,1,17,3,2,3,0,1,0,No,No
50,Travel_Rarely,939,Research & Development,24,3,Life Sciences,1,1005,4,Male,95,3,4,Manufacturing Director,3,Married,13973,4161,3,Y,Yes,18,3,4,80,1,22,2,3,12,11,1,5,No,No
33,Travel_Rarely,516,Research & Development,8,5,Life Sciences,1,1515,4,Male,69,3,2,Healthcare Representative,3,Single,6388,22049,2,Y,Yes,17,3,1,80,0,14,6,3,0,0,0,0,No,No
41,Travel_Rarely,582,Research & Development,28,4,Life Sciences,1,2034,1,Female,60,2,4,Manufacturing Director,2,Married,13570,5640,0,Y,No,23,4,3,80,1,21,3,3,20,7,0,10,No,No
44,Travel_Rarely,625,Research & Development,4,3,Medical,1,852,4,Male,50,3,2,Healthcare Representative,2,Single,5933,5197,9,Y,No,12,3,4,80,0,10,2,2,5,2,2,3,No,No
38,Travel_Rarely,770,Sales,10,4,Marketing,1,1119,3,Male,73,2,3,Sales Executive,3,Divorced,8740,5569,0,Y,Yes,14,3,2,80,2,9,2,3,8,7,2,7,No,No
35,Travel_Rarely,1315,Research & Development,22,3,Life Sciences,1,381,2,Female,71,4,3,Manager,2,Divorced,11996,19100,7,Y,No,18,3,2,80,1,10,6,2,7,7,6,2,No,No
22,Travel_Frequently,1256,Research & Development,3,4,Life Sciences,1,1203,3,Male,48,2,1,Research Scientist,4,Married,2853,4223,0,Y,Yes,11,3,2,80,1,1,5,3,0,0,0,0,Yes,No
36,Travel_Rarely,318,Research & Development,9,3,Medical,1,90,4,Male,79,2,1,Research Scientist,3,Married,3388,21777,0,Y,Yes,17,3,1,80,1,2,0,2,1,0,0,0,Yes,No
53,Travel_Rarely,346,Research & Development,6,3,Life Sciences,1,769,4,Male,86,3,2,Laboratory Technician,4,Single,2450,10919,2,Y,No,17,3,4,80,0,19,4,3,2,2,2,2,No,No
27,Travel_Frequently,793,Sales,2,1,Life Sciences,1,1371,4,Male,43,1,2,Sales Executive,4,Single,5071,20392,3,Y,No,20,4,2,80,0,8,3,3,6,2,0,0,No,No
40,Travel_Rarely,759,Sales,2,2,Marketing,1,516,4,Female,46,3,2,Sales Executive,2,Divorced,5715,22553,7,Y,No,12,3,3,80,2,8,5,3,5,4,1,3,No,No
40,Non-Travel,1479,Sales,24,3,Life Sciences,1,986,2,Female,100,4,4,Sales Executive,2,Single,13194,17071,4,Y,Yes,16,3,4,80,0,22,2,2,1,0,0,0,Yes,No
42,Travel_Rarely,603,Research & Development,7,4,Medical,1,1292,2,Female,78,4,2,Research Scientist,2,Married,2372,5628,6,Y,Yes,16,3,4,80,0,18,2,3,1,0,0,0,No,No
42,Travel_Rarely,269,Research & Development,2,3,Medical,1,351,4,Female,56,2,1,Laboratory Technician,1,Divorced,2593,8007,0,Y,Yes,11,3,3,80,1,10,4,3,9,6,7,8,No,No
34,Travel_Rarely,121,Research & Development,2,4,Medical,1,804,3,Female,86,2,1,Research Scientist,1,Single,4381,7530,1,Y,No,11,3,3,80,0,6,3,3,6,5,1,3,No,No
45,Travel_Rarely,1268,Sales,4,2,Life Sciences,1,240,3,Female,30,3,2,Sales Executive,1,Divorced,5006,6319,4,Y,Yes,11,3,1,80,1,9,3,4,5,4,0,3,No,No
24,Non-Travel,1269,Research & Development,4,1,Life Sciences,1,888,1,Male,46,2,1,Laboratory Technician,4,Married,3162,10778,0,Y,No,17,3,4,80,0,6,2,2,5,2,3,4,No,No
32,Travel_Frequently,116,Research & Development,13,3,Other,1,1234,3,Female,77,2,1,Laboratory Technician,2,Married,2743,7331,1,Y,No,20,4,3,80,1,2,2,3,2,2,2,2,No,No
38,Travel_Frequently,653,Research & Development,29,5,Life Sciences,1,79,4,Female,50,3,2,Laboratory Technician,4,Single,2406,5456,1,Y,No,11,3,4,80,0,10,2,3,10,3,9,9,No,No
29,Travel_Rarely,332,Human Resources,17,3,Other,1,1419,2,Male,51,2,3,Human Resources,1,Single,7988,9769,1,Y,No,13,3,1,80,0,10,3,2,10,9,0,9,No,No
37,Travel_Rarely,1372,Research & Development,1,3,Life Sciences,1,391,4,Female,42,3,1,Research Scientist,4,Single,2115,15881,1,Y,No,12,3,2,80,0,17,3,3,17,12,5,7,No,No
39,Travel_Rarely,1122,Research & Development,6,3,Medical,1,932,4,Male,70,3,1,Laboratory Technician,1,Married,2404,4303,7,Y,Yes,21,4,4,80,0,8,2,1,2,2,2,2,Yes,No
43,Travel_Frequently,313,Research & Development,21,3,Medical,1,525,4,Male,61,3,1,Laboratory Technician,4,Married,2258,15238,7,Y,No,20,4,1,80,1,8,1,3,3,2,1,2,No,No
21,Travel_Rarely,391,Research & Development,15,2,Life Sciences,1,30,3,Male,96,3,1,Research Scientist,4,Single,1232,19281,1,Y,No,14,3,4,80,0,0,6,3,0,0,0,0,No,Yes
34,Travel_Rarely,1031,Research & Development,6,4,Life Sciences,1,151,3,Female,45,2,2,Research Scientist,2,Divorced,4505,15000,6,Y,No,15,3,3,80,1,12,3,3,1,0,0,0,No,No
40,Non-Travel,663,Research & Development,9,4,Other,1,1449,3,Male,81,3,2,Laboratory Technician,3,Divorced,3975,23099,3,Y,No,11,3,3,80,2,11,2,4,8,7,0,7,No,No
30,Travel_Rarely,1138,Research & Development,6,3,Technical Degree,1,1311,1,Female,48,2,2,Laboratory Technician,4,Married,4627,23631,0,Y,No,12,3,1,80,1,10,6,3,9,2,6,7,No,No
53,Travel_Rarely,868,Sales,8,3,Marketing,1,897,1,Male,73,3,4,Sales Executive,4,Married,11836,22789,5,Y,No,14,3,3,80,1,28,3,3,2,0,2,2,No,No
32,Travel_Rarely,604,Sales,8,3,Medical,1,1304,3,Male,56,4,2,Sales Executive,4,Married,6209,11693,1,Y,No,15,3,3,80,2,10,4,4,10,7,0,8,No,No
56,Travel_Rarely,1162,Research & Development,24,2,Life Sciences,1,1907,1,Male,97,3,1,Laboratory Technician,4,Single,2587,10261,1,Y,No,16,3,4,80,0,5,3,3,4,2,1,0,Yes,No
37,Travel_Rarely,446,Research & Development,1,4,Life Sciences,1,635,2,Female,65,3,2,Manufacturing Director,2,Married,6447,15701,6,Y,No,12,3,2,80,1,8,2,2,6,5,4,3,No,No
20,Travel_Rarely,1097,Research & Development,11,3,Medical,1,1016,4,Female,98,2,1,Research Scientist,1,Single,2600,18275,1,Y,Yes,15,3,1,80,0,1,2,3,1,0,0,0,Yes,Yes
37,Travel_Rarely,370,Research & Development,10,4,Medical,1,1809,4,Male,58,3,2,Manufacturing Director,1,Single,4213,4992,1,Y,No,15,3,2,80,0,10,4,1,10,3,0,8,Yes,No
27,Travel_Rarely,1167,Research & Development,4,2,Life Sciences,1,1259,1,Male,76,3,1,Research Scientist,3,Divorced,2517,3208,1,Y,No,11,3,2,80,3,5,2,3,5,3,0,3,No,No
40,Travel_Rarely,1492,Research & Development,20,4,Technical Degree,1,1092,1,Male,61,3,3,Healthcare Representative,4,Married,10322,26542,4,Y,No,20,4,4,80,1,14,6,3,11,10,11,1,No,No
32,Travel_Rarely,964,Sales,1,2,Life Sciences,1,1734,1,Male,34,1,2,Sales Executive,2,Single,6735,12147,6,Y,No,15,3,2,80,0,10,2,3,0,0,0,0,Yes,No
24,Travel_Frequently,897,Human Resources,10,3,Medical,1,1746,1,Male,59,3,1,Human Resources,4,Married,2145,2097,0,Y,No,14,3,4,80,1,3,2,3,2,2,2,1,No,No
56,Travel_Rarely,1400,Research & Development,7,3,Life Sciences,1,112,4,Male,49,1,3,Manufacturing Director,4,Single,7260,21698,4,Y,No,11,3,1,80,0,37,3,2,6,4,0,2,No,No
31,Travel_Frequently,307,Research & Development,29,2,Medical,1,355,3,Male,71,2,1,Laboratory Technician,2,Single,3479,11652,0,Y,No,11,3,2,80,0,6,2,4,5,4,1,4,Yes,No
35,Travel_Rarely,1017,Research & Development,6,4,Life Sciences,1,691,2,Male,82,1,2,Research Scientist,4,Single,6646,19368,1,Y,No,13,3,2,80,0,17,3,3,17,11,11,8,No,No
28,Travel_Rarely,1117,Research & Development,8,2,Life Sciences,1,395,4,Female,66,3,1,Research Scientist,4,Single,3310,4488,1,Y,No,21,4,4,80,0,5,3,3,5,3,0,2,No,No
31,Travel_Rarely,741,Research & Development,2,4,Life Sciences,1,1721,2,Male,69,3,1,Laboratory Technician,3,Married,3477,18103,1,Y,No,14,3,4,80,1,6,2,4,5,2,0,3,No,No
33,Travel_Frequently,1111,Sales,5,1,Life Sciences,1,1395,2,Male,61,3,2,Sales Executive,4,Married,9998,19293,6,Y,No,13,3,1,80,0,8,2,4,5,4,1,2,No,No
38,Travel_Rarely,833,Research & Development,18,3,Medical,1,1766,2,Male,60,1,2,Healthcare Representative,4,Married,5811,24539,3,Y,Yes,16,3,3,80,1,15,2,3,1,0,1,0,No,No
30,Travel_Rarely,231,Sales,8,2,Other,1,982,3,Male,62,3,3,Sales Executive,3,Divorced,7264,9977,5,Y,No,11,3,1,80,1,10,2,4,8,4,7,7,No,No
42,Travel_Frequently,458,Research & Development,26,5,Medical,1,1242,1,Female,60,3,3,Research Director,1,Married,13191,23281,3,Y,Yes,17,3,3,80,0,20,6,3,1,0,0,0,No,No
38,Travel_Rarely,397,Research & Development,2,2,Medical,1,1638,4,Female,54,2,3,Manufacturing Director,3,Married,7756,14199,3,Y,Yes,19,3,4,80,1,10,6,4,5,4,0,2,No,No
30,Travel_Rarely,1329,Sales,29,4,Life Sciences,1,1211,3,Male,61,3,2,Sales Executive,1,Divorced,4115,13192,8,Y,No,19,3,3,80,3,8,3,3,4,3,0,3,No,No
34,Travel_Rarely,511,Sales,3,2,Life Sciences,1,1779,4,Female,32,1,2,Sales Executive,4,Single,6029,25353,5,Y,No,12,3,1,80,0,6,3,3,2,2,2,2,No,No
28,Travel_Rarely,1476,Research & Development,16,2,Medical,1,412,2,Male,68,4,2,Healthcare Representative,1,Single,5661,4824,0,Y,No,19,3,3,80,0,9,2,3,8,3,0,7,No,No
46,Travel_Frequently,1034,Research & Development,18,1,Medical,1,624,1,Female,86,3,3,Healthcare Representative,3,Married,10527,8984,5,Y,No,11,3,4,80,0,28,3,2,2,2,1,2,No,No
38,Travel_Rarely,119,Sales,3,3,Life Sciences,1,307,1,Male,76,3,3,Sales Executive,3,Divorced,10609,9647,0,Y,No,12,3,3,80,2,17,6,2,16,10,5,13,No,No
35,Travel_Rarely,1343,Research & Development,27,1,Medical,1,856,3,Female,53,2,1,Research Scientist,1,Single,2559,17852,1,Y,No,11,3,4,80,0,6,3,2,6,5,1,1,No,No
45,Travel_Rarely,538,Research & Development,1,4,Technical Degree,1,1553,1,Male,66,3,3,Healthcare Representative,2,Divorced,7441,20933,1,Y,No,12,3,1,80,3,10,4,3,10,8,7,7,No,No
50,Travel_Rarely,813,Research & Development,17,5,Life Sciences,1,1656,4,Female,50,2,3,Research Director,1,Divorced,13269,21981,5,Y,No,15,3,3,80,3,19,3,3,14,11,1,11,No,No
60,Travel_Rarely,370,Research & Development,1,4,Medical,1,1697,3,Male,92,1,3,Healthcare Representative,4,Divorced,10883,20467,3,Y,No,20,4,3,80,1,19,2,4,1,0,0,0,No,No
36,Travel_Rarely,938,Research & Development,2,4,Medical,1,958,3,Male,79,3,1,Laboratory Technician,3,Single,2519,12287,4,Y,No,21,4,3,80,0,16,6,3,11,8,3,9,No,No
44,Travel_Frequently,1193,Research & Development,2,1,Medical,1,1496,2,Male,86,3,3,Manufacturing Director,3,Single,10209,19719,5,Y,Yes,18,3,2,80,0,16,2,2,2,2,2,2,No,No
36,Travel_Rarely,188,Research & Development,7,4,Other,1,949,2,Male,65,3,1,Research Scientist,4,Single,4678,23293,2,Y,No,18,3,3,80,0,8,6,3,6,2,0,1,No,No
38,Travel_Rarely,1084,Research & Development,29,3,Technical Degree,1,273,4,Male,54,3,2,Manufacturing Director,4,Married,6261,4185,3,Y,No,18,3,1,80,1,9,3,1,7,7,1,7,No,No
29,Travel_Rarely,665,Research & Development,15,3,Life Sciences,1,346,3,Male,60,3,1,Research Scientist,4,Single,2340,22673,1,Y,No,19,3,1,80,0,6,1,3,6,5,1,5,No,Yes
31,Travel_Frequently,703,Sales,2,3,Life Sciences,1,1379,3,Female,90,2,1,Sales Representative,4,Single,2785,11882,7,Y,No,14,3,3,80,0,3,3,4,1,0,0,0,Yes,Yes
36,Travel_Frequently,541,Sales,3,4,Medical,1,481,1,Male,48,2,3,Sales Executive,4,Married,9699,7246,4,Y,No,11,3,1,80,1,16,2,3,13,9,1,12,No,No
27,Non-Travel,210,Sales,1,1,Marketing,1,449,3,Male,73,3,2,Sales Executive,2,Married,6349,22107,0,Y,Yes,13,3,4,80,1,6,0,3,5,4,1,4,No,No
30,Travel_Rarely,855,Sales,7,4,Marketing,1,1428,4,Female,73,3,2,Sales Executive,1,Divorced,4779,12761,7,Y,No,14,3,2,80,2,8,3,3,3,2,0,2,No,No
32,Non-Travel,1184,Research & Development,1,3,Life Sciences,1,951,3,Female,70,2,1,Laboratory Technician,2,Married,2332,3974,6,Y,No,20,4,3,80,0,5,3,3,3,0,0,2,No,No
23,Travel_Rarely,427,Sales,7,3,Life Sciences,1,1702,3,Male,99,3,1,Sales Representative,4,Divorced,2275,25103,1,Y,Yes,21,4,2,80,1,3,2,3,3,2,0,2,Yes,No
38,Travel_Rarely,1321,Sales,1,4,Life Sciences,1,1995,4,Male,86,3,2,Sales Executive,2,Married,4440,7636,0,Y,No,15,3,1,80,2,16,3,3,15,13,5,8,No,No
37,Travel_Rarely,1115,Research & Development,1,4,Life Sciences,1,77,1,Male,51,2,2,Manufacturing Director,3,Divorced,5993,2689,1,Y,No,18,3,3,80,1,7,2,4,7,5,0,7,No,No
26,Travel_Rarely,683,Research & Development,2,1,Medical,1,1407,1,Male,36,2,1,Research Scientist,4,Single,3904,4050,0,Y,No,12,3,4,80,0,5,2,3,4,3,1,1,No,No
36,Travel_Frequently,635,Research & Development,18,1,Medical,1,286,2,Female,73,3,1,Laboratory Technician,4,Single,2153,7703,1,Y,No,13,3,1,80,0,8,2,3,8,1,1,7,No,No
42,Travel_Frequently,1271,Research & Development,2,1,Medical,1,875,2,Male,35,3,1,Research Scientist,4,Single,2515,9068,5,Y,Yes,14,3,4,80,0,8,2,3,2,1,2,2,No,No
34,Travel_Rarely,735,Sales,3,1,Medical,1,1915,4,Female,75,2,2,Sales Executive,4,Married,8103,16495,3,Y,Yes,12,3,3,80,0,9,3,2,4,2,0,1,No,No
39,Non-Travel,1251,Sales,21,4,Life Sciences,1,1929,1,Female,32,1,2,Sales Executive,3,Married,5736,3987,6,Y,No,19,3,3,80,1,10,1,3,3,2,1,2,No,No
31,Non-Travel,976,Research & Development,3,2,Medical,1,1948,3,Male,48,3,1,Research Scientist,1,Divorced,3065,3995,1,Y,Yes,13,3,4,80,1,4,3,4,4,2,2,3,No,No
45,Non-Travel,1050,Sales,9,4,Life Sciences,1,1117,2,Female,65,2,2,Sales Executive,3,Married,5593,17970,1,Y,No,13,3,4,80,1,15,2,3,15,10,4,12,No,No
40,Travel_Frequently,530,Research & Development,1,4,Life Sciences,1,119,3,Male,78,2,4,Healthcare Representative,2,Married,13503,14115,1,Y,No,22,4,4,80,1,22,3,2,22,3,11,11,No,No
31,Travel_Rarely,542,Sales,20,3,Life Sciences,1,175,2,Female,71,1,2,Sales Executive,3,Married,4559,24788,3,Y,Yes,11,3,3,80,1,4,2,3,2,2,2,2,Yes,No
33,Travel_Frequently,1303,Research & Development,7,2,Life Sciences,1,1970,4,Male,36,3,2,Healthcare Representative,3,Divorced,5968,18079,1,Y,No,20,4,3,80,3,9,2,3,9,7,2,8,No,No
41,Travel_Rarely,334,Sales,2,4,Life Sciences,1,410,4,Male,88,3,4,Manager,2,Single,16015,15896,1,Y,No,19,3,2,80,0,22,2,3,22,10,0,4,No,No
28,Travel_Rarely,654,Research & Development,1,2,Life Sciences,1,741,1,Female,67,1,1,Research Scientist,2,Single,2216,3872,7,Y,Yes,13,3,4,80,0,10,4,3,7,7,3,7,Yes,No
32,Travel_Rarely,1401,Sales,4,2,Life Sciences,1,330,3,Female,56,3,1,Sales Representative,2,Married,3931,20990,2,Y,No,11,3,1,80,1,6,5,3,4,3,1,2,No,No
35,Travel_Frequently,1199,Research & Development,18,4,Life Sciences,1,2049,3,Male,80,3,2,Healthcare Representative,3,Married,5689,24594,1,Y,Yes,14,3,4,80,2,10,2,4,10,2,0,2,No,No
34,Travel_Rarely,546,Research & Development,10,3,Life Sciences,1,934,2,Male,83,3,1,Laboratory Technician,2,Divorced,2008,6896,1,Y,No,14,3,2,80,2,1,3,3,1,0,1,0,No,No
47,Non-Travel,543,Sales,2,4,Marketing,1,1731,3,Male,87,3,2,Sales Executive,2,Married,4978,3536,7,Y,No,11,3,4,80,1,4,3,1,1,0,0,0,No,No
29,Travel_Rarely,805,Research & Development,1,2,Life Sciences,1,816,2,Female,36,2,1,Laboratory Technician,1,Married,2319,6689,1,Y,Yes,11,3,4,80,1,1,1,3,1,0,0,0,Yes,Yes
45,Travel_Rarely,252,Research & Development,2,3,Life Sciences,1,834,2,Female,95,2,1,Research Scientist,3,Single,2274,6153,1,Y,No,14,3,4,80,0,1,3,3,1,0,0,0,No,Yes
39,Travel_Rarely,1329,Sales,4,4,Life Sciences,1,182,4,Female,47,2,2,Sales Executive,3,Married,5902,14590,4,Y,No,14,3,3,80,1,17,1,4,15,11,5,9,No,No
25,Travel_Rarely,891,Sales,4,2,Life Sciences,1,527,2,Female,99,2,2,Sales Executive,4,Single,4487,12090,1,Y,Yes,11,3,2,80,0,5,3,3,5,4,1,3,No,No
28,Travel_Frequently,783,Sales,1,2,Life Sciences,1,1927,3,Male,42,2,2,Sales Executive,4,Married,6834,19255,1,Y,Yes,12,3,3,80,1,7,2,3,7,7,0,7,No,No
44,Non-Travel,111,Research & Development,17,3,Life Sciences,1,1206,4,Male,74,1,1,Research Scientist,3,Single,2290,4279,2,Y,No,13,3,4,80,0,6,3,3,0,0,0,0,No,Yes
21,Travel_Frequently,251,Research & Development,10,2,Life Sciences,1,1279,1,Female,45,2,1,Laboratory Technician,3,Single,2625,25308,1,Y,No,20,4,3,80,0,2,2,1,2,2,2,2,Yes,No
32,Travel_Frequently,1311,Research & Development,7,3,Life Sciences,1,359,2,Male,100,4,1,Laboratory Technician,2,Married,2794,26062,1,Y,No,20,4,3,80,0,5,3,1,5,1,0,3,No,No
47,Travel_Rarely,1454,Sales,2,4,Life Sciences,1,925,4,Female,65,2,1,Sales Representative,4,Single,3294,13137,1,Y,Yes,18,3,1,80,0,3,3,2,3,2,1,2,No,No
43,Travel_Frequently,1001,Research & Development,9,5,Medical,1,663,4,Male,72,3,2,Laboratory Technician,3,Divorced,5679,19627,3,Y,Yes,13,3,2,80,1,10,3,3,8,7,4,7,No,No
33,Travel_Rarely,931,Research & Development,14,3,Medical,1,252,4,Female,72,3,1,Research Scientist,2,Married,2756,4673,1,Y,No,13,3,4,80,1,8,5,3,8,7,1,6,No,No
45,Travel_Rarely,549,Research & Development,8,4,Other,1,452,4,Male,75,3,2,Research Scientist,4,Married,3697,9278,9,Y,No,14,3,1,80,2,12,3,3,10,9,9,8,No,No
29,Travel_Rarely,350,Human Resources,13,3,Human Resources,1,1844,1,Male,56,2,1,Human Resources,1,Divorced,2335,3157,4,Y,Yes,15,3,4,80,3,4,3,3,2,2,2,0,Yes,No
18,Non-Travel,287,Research & Development,5,2,Life Sciences,1,1012,2,Male,73,3,1,Research Scientist,4,Single,1051,13493,1,Y,No,15,3,4,80,0,0,2,3,0,0,0,0,No,Yes
35,Travel_Frequently,880,Sales,12,4,Other,1,1667,4,Male,36,3,2,Sales Executive,4,Single,4581,10414,3,Y,Yes,24,4,1,80,0,13,2,4,11,9,6,7,Yes,No
35,Travel_Rarely,1395,Research & Development,9,4,Medical,1,2008,2,Male,48,3,2,Research Scientist,3,Single,5098,18698,1,Y,No,19,3,2,80,0,10,5,3,10,7,0,8,No,No
41,Non-Travel,267,Sales,10,2,Life Sciences,1,599,4,Male,56,3,2,Sales Executive,4,Single,6230,13430,7,Y,No,14,3,4,80,0,16,3,3,14,3,1,10,No,No
38,Travel_Frequently,148,Research & Development,2,3,Medical,1,1675,4,Female,42,2,1,Laboratory Technician,2,Single,2440,23826,1,Y,No,22,4,2,80,0,4,3,3,4,3,3,3,No,No
44,Travel_Rarely,1459,Research & Development,10,4,Other,1,40,4,Male,41,3,2,Healthcare Representative,4,Married,6465,19121,2,Y,Yes,13,3,4,80,0,9,5,4,4,2,1,3,No,No
29,Travel_Rarely,738,Research & Development,9,5,Other,1,455,2,Male,30,2,1,Laboratory Technician,4,Single,3983,7621,0,Y,No,17,3,3,80,0,4,2,3,3,2,2,2,No,No
40,Travel_Rarely,1202,Research & Development,2,1,Medical,1,1375,2,Female,89,4,2,Healthcare Representative,3,Divorced,6377,13888,5,Y,No,20,4,2,80,3,15,0,3,12,11,11,8,No,No
29,Travel_Rarely,657,Research & Development,27,3,Medical,1,793,2,Female,66,3,2,Healthcare Representative,3,Married,4335,25549,4,Y,No,12,3,1,80,1,11,3,2,8,7,1,1,No,No
29,Travel_Rarely,991,Sales,5,3,Medical,1,1669,1,Male,43,2,2,Sales Executive,2,Divorced,4187,3356,1,Y,Yes,13,3,2,80,1,10,3,2,10,0,0,9,No,No
39,Travel_Rarely,895,Sales,5,3,Technical Degree,1,42,4,Male,56,3,2,Sales Representative,4,Married,2086,3335,3,Y,No,14,3,3,80,1,19,6,4,1,0,0,0,Yes,No
40,Travel_Rarely,750,Research & Development,12,3,Life Sciences,1,1829,2,Female,47,3,2,Healthcare Representative,1,Divorced,4448,10748,2,Y,No,12,3,2,80,1,15,3,3,7,4,7,7,No,No
59,Travel_Rarely,142,Research & Development,3,3,Life Sciences,1,309,3,Male,70,2,1,Research Scientist,4,Married,2177,8456,3,Y,No,17,3,1,80,1,7,6,3,1,0,0,0,No,No
35,Travel_Rarely,1296,Research & Development,5,4,Technical Degree,1,464,3,Male,62,3,3,Manufacturing Director,2,Single,8095,18264,0,Y,No,13,3,4,80,0,17,5,3,16,6,0,13,No,No
34,Travel_Rarely,678,Research & Development,19,3,Life Sciences,1,1701,2,Female,35,2,1,Research Scientist,4,Married,2929,20338,1,Y,No,12,3,2,80,0,10,3,3,10,9,8,7,No,No
55,Travel_Rarely,1136,Research & Development,1,4,Medical,1,1424,2,Male,81,4,4,Research Director,4,Divorced,14732,12414,2,Y,No,13,3,4,80,2,31,4,4,7,7,0,0,No,No
30,Travel_Rarely,853,Research & Development,7,4,Life Sciences,1,1224,3,Male,49,3,2,Laboratory Technician,3,Divorced,3491,11309,1,Y,No,13,3,1,80,3,10,4,2,10,7,8,9,No,No
32,Travel_Rarely,515,Research & Development,1,3,Life Sciences,1,331,4,Male,62,2,1,Laboratory Technician,3,Single,3730,9571,0,Y,Yes,14,3,4,80,0,4,2,1,3,2,1,2,Yes,No
60,Travel_Rarely,696,Sales,7,4,Marketing,1,1233,2,Male,52,4,2,Sales Executive,4,Divorced,5220,10893,0,Y,Yes,18,3,2,80,1,12,3,3,11,7,1,9,No,No
40,Travel_Rarely,884,Research & Development,15,3,Life Sciences,1,1628,1,Female,80,2,3,Manufacturing Director,3,Married,10435,25800,1,Y,No,13,3,4,80,2,18,2,3,18,15,14,12,No,No
36,Travel_Rarely,132,Research & Development,6,3,Life Sciences,1,97,2,Female,55,4,1,Laboratory Technician,4,Married,3038,22002,3,Y,No,12,3,2,80,0,5,3,3,1,0,0,0,No,No
49,Travel_Frequently,1475,Research & Development,28,2,Life Sciences,1,1420,1,Male,97,2,2,Laboratory Technician,1,Single,4284,22710,3,Y,No,20,4,1,80,0,20,2,3,4,3,1,3,Yes,No
28,Travel_Rarely,1144,Sales,10,1,Medical,1,1056,4,Male,74,3,1,Sales Representative,2,Married,1052,23384,1,Y,No,22,4,2,80,0,1,5,3,1,0,0,0,No,Yes
44,Travel_Rarely,1037,Research & Development,1,3,Medical,1,2020,2,Male,42,3,1,Research Scientist,4,Single,2436,13422,6,Y,Yes,12,3,3,80,0,6,2,3,4,3,1,2,No,No
35,Travel_Rarely,1146,Human Resources,26,4,Life Sciences,1,2040,3,Female,31,3,3,Human Resources,4,Single,8837,16642,1,Y,Yes,16,3,3,80,0,9,2,3,9,0,1,7,No,No
34,Travel_Rarely,1397,Research & Development,1,5,Life Sciences,1,683,2,Male,42,3,1,Research Scientist,4,Married,2691,7660,1,Y,No,12,3,4,80,1,10,4,2,10,9,8,8,No,No
43,Travel_Rarely,982,Research & Development,12,3,Life Sciences,1,520,1,Male,59,2,4,Research Director,2,Divorced,14336,4345,1,Y,No,11,3,3,80,1,25,3,3,25,10,3,9,No,No
42,Travel_Rarely,544,Human Resources,2,1,Technical Degree,1,470,3,Male,52,3,1,Human Resources,3,Divorced,2696,24017,0,Y,Yes,11,3,3,80,1,4,5,3,3,2,1,0,No,No
31,Travel_Frequently,874,Research & Development,15,3,Medical,1,1160,3,Male,72,3,1,Laboratory Technician,3,Married,2610,6233,1,Y,No,12,3,3,80,1,2,5,2,2,2,2,2,Yes,No
45,Travel_Rarely,1385,Research & Development,20,2,Medical,1,372,3,Male,79,3,4,Healthcare Representative,4,Married,13496,7501,0,Y,Yes,14,3,2,80,0,21,2,3,20,7,4,10,No,No
47,Travel_Rarely,955,Sales,4,2,Life Sciences,1,1003,4,Female,83,3,2,Sales Executive,4,Single,4163,8571,1,Y,Yes,17,3,3,80,0,9,0,3,9,0,0,7,No,No
52,Travel_Rarely,1030,Sales,5,3,Life Sciences,1,1319,2,Male,64,3,3,Sales Executive,2,Single,8446,21534,9,Y,Yes,19,3,3,80,0,10,2,2,8,7,7,7,Yes,No
32,Travel_Rarely,374,Research & Development,25,4,Life Sciences,1,911,1,Male,87,3,1,Laboratory Technician,4,Single,2795,18016,1,Y,Yes,24,4,3,80,0,1,2,1,1,0,0,1,Yes,No
28,Travel_Rarely,1157,Research & Development,2,4,Medical,1,440,1,Male,84,1,1,Research Scientist,4,Married,3464,24737,5,Y,Yes,13,3,4,80,0,5,4,2,3,2,2,2,Yes,No
28,Travel_Rarely,1434,Research & Development,5,4,Technical Degree,1,65,3,Male,50,3,1,Laboratory Technician,3,Single,3441,11179,1,Y,Yes,13,3,3,80,0,2,3,2,2,2,2,2,Yes,No
25,Travel_Rarely,583,Sales,4,1,Marketing,1,885,3,Male,87,2,2,Sales Executive,1,Married,4256,18154,1,Y,No,12,3,1,80,0,5,1,4,5,2,0,3,No,No
33,Non-Travel,750,Sales,22,2,Marketing,1,160,3,Male,95,3,2,Sales Executive,2,Married,6146,15480,0,Y,No,13,3,1,80,1,8,2,4,7,7,0,7,No,No
41,Travel_Rarely,465,Research & Development,14,3,Life Sciences,1,227,1,Male,56,3,1,Research Scientist,3,Divorced,2451,4609,4,Y,No,12,3,1,80,1,13,2,3,9,8,1,8,No,No
38,Travel_Rarely,723,Sales,2,4,Marketing,1,1835,2,Female,77,1,2,Sales Representative,4,Married,5405,4244,2,Y,Yes,20,4,1,80,2,20,4,2,4,2,0,3,No,No
30,Travel_Rarely,305,Research & Development,16,3,Life Sciences,1,1763,3,Male,58,4,2,Healthcare Representative,3,Married,5294,9128,3,Y,No,16,3,3,80,1,10,3,3,7,0,1,7,No,No
32,Travel_Rarely,601,Sales,7,5,Marketing,1,1446,4,Male,97,3,2,Sales Executive,4,Married,9204,23343,4,Y,No,12,3,3,80,1,7,3,2,4,3,0,3,No,No
51,Travel_Frequently,968,Research & Development,6,2,Medical,1,1297,2,Female,40,2,1,Laboratory Technician,3,Single,2838,4257,0,Y,No,14,3,2,80,0,8,6,2,7,0,7,7,No,No
35,Travel_Rarely,607,Research & Development,9,3,Life Sciences,1,880,4,Female,66,2,3,Manufacturing Director,3,Married,10685,23457,1,Y,Yes,20,4,2,80,1,17,2,3,17,14,5,15,No,No
35,Travel_Rarely,622,Research & Development,14,4,Other,1,1010,3,Male,39,2,1,Laboratory Technician,2,Divorced,3743,10074,1,Y,Yes,24,4,4,80,1,5,2,1,4,2,0,2,Yes,No
31,Travel_Rarely,688,Sales,7,3,Life Sciences,1,613,3,Male,44,2,3,Manager,4,Divorced,11557,25291,9,Y,No,21,4,3,80,1,10,3,2,5,4,0,1,No,No
29,Travel_Rarely,1378,Research & Development,13,2,Other,1,2053,4,Male,46,2,2,Laboratory Technician,2,Married,4025,23679,4,Y,Yes,13,3,1,80,1,10,2,3,4,3,0,3,No,No
29,Travel_Rarely,1210,Sales,2,3,Medical,1,366,1,Male,78,2,2,Sales Executive,2,Married,6644,3687,2,Y,No,19,3,2,80,2,10,2,3,0,0,0,0,No,No
36,Travel_Rarely,1120,Sales,11,4,Marketing,1,2045,2,Female,100,2,2,Sales Executive,4,Married,6652,14369,4,Y,No,13,3,1,80,1,8,2,2,6,3,0,0,No,No
26,Non-Travel,265,Sales,29,2,Medical,1,1037,2,Male,79,1,2,Sales Executive,1,Single,4969,21813,8,Y,No,18,3,4,80,0,7,6,3,2,2,2,2,Yes,No
51,Travel_Rarely,1469,Research & Development,8,4,Life Sciences,1,296,2,Male,81,2,3,Research Director,2,Married,12490,15736,5,Y,No,16,3,4,80,2,16,5,1,10,9,4,7,No,No
28,Travel_Rarely,1169,Human Resources,8,2,Medical,1,869,2,Male,63,2,1,Human Resources,4,Divorced,4936,23965,1,Y,No,13,3,4,80,1,6,6,3,5,1,0,4,No,No
47,Non-Travel,1169,Research & Development,14,4,Technical Degree,1,1934,3,Male,64,3,2,Research Scientist,2,Married,5467,2125,8,Y,No,18,3,3,80,1,16,4,4,8,7,1,7,No,No
24,Travel_Rarely,823,Research & Development,17,2,Other,1,643,4,Male,94,2,1,Laboratory Technician,2,Married,2127,9100,1,Y,No,21,4,4,80,1,1,2,3,1,0,0,0,No,No
34,Travel_Rarely,1107,Human Resources,9,4,Technical Degree,1,1467,1,Female,52,3,1,Human Resources,3,Married,2742,3072,1,Y,No,15,3,4,80,0,2,0,3,2,2,2,2,Yes,No
26,Travel_Rarely,1066,Research & Development,2,2,Medical,1,1018,4,Male,32,4,2,Manufacturing Director,4,Married,5472,3334,1,Y,No,12,3,2,80,0,8,2,3,8,7,1,3,No,No
27,Travel_Rarely,486,Research & Development,8,3,Medical,1,1647,2,Female,86,4,1,Research Scientist,3,Married,3517,22490,7,Y,No,17,3,1,80,0,5,0,3,3,2,0,2,No,No
33,Travel_Rarely,392,Sales,2,4,Medical,1,1670,4,Male,93,3,2,Sales Executive,4,Divorced,5505,3921,1,Y,No,14,3,3,80,2,6,5,3,6,2,0,4,No,No
43,Travel_Frequently,185,Research & Development,10,4,Life Sciences,1,430,3,Female,33,3,1,Laboratory Technician,4,Single,2455,10675,0,Y,No,19,3,1,80,0,9,5,3,8,7,1,7,No,No
53,Travel_Rarely,238,Sales,1,1,Medical,1,682,4,Female,34,3,2,Sales Executive,1,Single,8381,7507,7,Y,No,20,4,4,80,0,18,2,4,14,7,8,10,No,No
37,Non-Travel,142,Sales,9,4,Medical,1,626,1,Male,69,3,3,Sales Executive,2,Divorced,8834,24666,1,Y,No,13,3,4,80,1,9,6,3,9,5,7,7,No,No
47,Travel_Frequently,719,Sales,27,2,Life Sciences,1,785,2,Female,77,4,2,Sales Executive,3,Single,6397,10339,4,Y,Yes,12,3,4,80,0,8,2,3,5,4,1,3,Yes,No
28,Travel_Rarely,529,Research & Development,2,4,Life Sciences,1,364,1,Male,79,3,1,Laboratory Technician,3,Single,3485,14935,2,Y,No,11,3,3,80,0,5,5,1,0,0,0,0,Yes,No
22,Travel_Rarely,253,Research & Development,11,3,Medical,1,511,1,Female,43,3,1,Research Scientist,2,Married,2244,24440,1,Y,No,13,3,4,80,1,2,1,3,2,1,1,2,No,No
31,Travel_Frequently,793,Sales,20,3,Life Sciences,1,1135,3,Male,67,4,1,Sales Representative,4,Married,2791,21981,0,Y,No,12,3,1,80,1,3,4,3,2,2,2,2,No,No
28,Travel_Frequently,1009,Research & Development,1,3,Medical,1,1111,1,Male,45,2,1,Laboratory Technician,2,Divorced,2596,7160,1,Y,No,15,3,1,80,2,1,2,3,1,0,0,0,Yes,No
54,Travel_Rarely,155,Research & Development,9,2,Life Sciences,1,1969,1,Female,67,3,2,Research Scientist,3,Married,2897,22474,3,Y,No,11,3,3,80,2,9,6,2,4,3,2,3,No,No
30,Non-Travel,1398,Sales,22,4,Other,1,567,3,Female,69,3,3,Sales Executive,1,Married,8412,2890,0,Y,No,11,3,3,80,0,10,3,3,9,8,7,8,No,No
33,Travel_Frequently,827,Research & Development,29,4,Medical,1,1101,1,Female,54,2,2,Research Scientist,3,Single,4508,3129,1,Y,No,22,4,2,80,0,14,4,3,13,7,3,8,Yes,No
